Tomi-Pekka;10,10,10,9,10,9,9,10,10,10,10,10,10,8,8,10,10,8,9,9,10,10,10,10,10,10
Jani;10,9,10,10,10,10,9,10,10,8,10,10,9,10,10,8,10,9,7,10,10,10,10,10,9,7
Vesa;10,10,9,9,9,8,9,10,10,9,10,8,10,10,9,10,10,10,10,9,10,9
Krister;10,8,10,9,9,10,10,10,10,10,9,9,10,8,10,10,10,6,10,10
Tommi;10,8,10,9,10,9,10,8,10,9,10,9,8,9,9,10,10,10,10,9
Timo;9,10,9,10,10,8,8,10,10,8,10,9,10,9,10,8,9,9,10,10
Arto;9,10,10,9,10,8,8,9,10,10,7,10,9,10,9,10,10,9,8,10
Jarmo;10,10,9,10,10,9,10,10,8,8,10,10,9,5,8,10,9,10,10,10
Aki;10,10,10,10,10,8,8,10,9,9,9,10,9,7,10,10,8,10,9,8
Sami;10,9,10,9,9,10,9,10,8,10,10,9,9,8,8,10,9,8,9,10
Markku;9,7,10,10,9,9,10,8,10,10,10,10,10,7,9,10,10,8,7,7
Antti;9,9,10,10,9,9,7,9,10,10,10,10,10,10,8,10,9,4,10,6
Ari;9,10,9,10,9,8,9,10,8,10,9,9,8,10,10,9,9,7,9,7
Ari;10,10,7,10,9,10,9,10,8,8,9,10,10,7,6,8,10,9,8,10
Jari;10,9,9,9,9,9,7,10,10,9,10,8,10,10,8,7,6,10,8,8
Jari;7,10,9,8,10,10,10,8,9,10,0,10,10,9,10,10,9,10,9,8
Ari;9,10,8,10,10,10,10,10,7,9,8,9,6,9,8,10,6,7,10,9
Hannu;8,10,9,9,10,10,9,10,9,6
Jukka-Pekka;9,8,10,10,10,10,9,10,6,7
Marko;10,10,10,8,9,8,8,10,6,10
Niko;10,10,10,7,10,9,8,7,9,9
Samu;9,8,10,10,8,8,10,9,9,8
Roni;10,10,9,9,10,9,6,9,10,6
Juha;8,9,6,7,10,10,9,10,9,10
Niklas;10,9,7,9,6,9,9,10,10,9
Toni;8,10,8,7,9,10,10,9,8,9
Jouko;6,7,8,10,10,8,9,9,10,10
Ville;10,6,9,9,10,10,10,8,7,8
Timo;9,10,8,7,10,8,10,7,8,10
Janne;9,10,9,8,8,7,9,10,10,7
Janne;9,10,7,10,8,8,9,9,10,7
Antti;9,10,9,10,6,9,8,8,9,9
Hannu;8,9,9,9,7,7,9,10,9,10
Juha-Pekka;7,10,9,10,10,6,10,10,7,7
Juha;10,6,10,6,8,10,10,8,10,8
Petri;7,9,9,10,8,4,10,10,9,10
Marko;9,7,9,9,5,10,10,8,9,10
Touko;9,9,10,10,8,9,10,5,9,7
Vesa;9,9,9,9,8,9,7,10,10,6
Jussi;8,10,10,8,8,10,4,10,9,8
Jukka;10,10,8,10,10,8,7,9,6,7
Harri;9,7,9,9,5,10,10,10,7,9
Lauri;8,7,9,10,10,9,9,8,6,9
Mats;9,8,8,9,9,9,9,8,6,10
Mikko;7,9,8,8,10,9,8,9,9,8
Sami;9,7,10,8,8,9,9,9,8,8
Janne;10,10,8,10,10,10,6,6,8,6
Henrik;9,10,6,7,10,10,10,8,8,6
Markus;8,10,7,7,7,10,9,6,10,10
Petteri;7,10,7,7,8,8,7,10,10,10
Ville;6,5,9,10,7,9,10,10,9,9
Antti;8,10,7,9,6,10,10,8,8,8
Antti;9,8,9,8,9,10,7,5,9,10
Ari;9,8,8,8,10,9,9,5,8,10
Jussi;10,7,9,7,7,9,9,10,8,8
Mika;9,9,10,7,9,9,9,7,6,9
Kari;9,10,6,9,9,9,7,9,9,7
Timo;5,7,8,10,10,9,10,5,9,10
Tenho;8,4,9,9,9,8,7,10,9,10
Joonas;6,8,9,9,6,10,7,10,9,9
Juha;7,10,9,6,9,9,9,7,8,9
Kari;9,10,10,9,5,9,8,7,10,5
Esa;8,7,8,7,10,10,8,10,7,7
Hannu;7,9,9,10,8,9,7,8,7,8
Pasi;9,10,5,8,6,10,9,7,8,9
Mika;7,8,8,8,10,5,9,9,7,10
Jari;10,10,8,10,9,9,5,7,9,3
Jussi;10,5,9,8,10,7,10,6,9,6
Stefan;8,7,8,8,3,7,10,10,10,9
Markus;7,9,6,10,7,5,10,9,8,9
Jukka;8,9,8,8,8,8,10,7,9,5
Marko;10,10,10,7,10,10,5,9,2,6
Tuomas;8,8,8,9,10,10,10,5,4,7
Mikko;10,7,6,9,8,8,4,9,10,8
Olli;7,9,7,10,8,7,7,8,8,8
Juho;6,8,9,10,8,10,6,7,9,5
Heikki;9,9,9,8,2,7,8,9,6,10
Matti;5,9,9,9,5,8,8,10,7,7
Ari;9,10,5,8,7,8,6,9,8,7
Jukka;9,5,9,8,9,5,7,7,9,9
Mikko;9,9,9,5,9,7,8,5,7,9
Lassi;10,8,7,10,7,6,7,10,8,2
Raimo;6,8,6,10,5,9,6,10,8,7
Tommi;8,9,6,8,6,10,6,7,7,5
Juha;9,5,7,9,4,9,7,7,6,9
Kauko;5,7,8,3,8,9,9,8,6,9
Reijo;8,7,6,7,3,8,10,7,5,10
Ari;10,6,4,0,9,7,7,8,10,10
Marko;8,7,10,6,5,9,5,5,10,5
Jukka;9,0,7,10,7,4,8,6,9,10
Kristian;8,10,6,7,5,10,3,5,6,9
Lauri;4,9,9,7,4,3,8,8,7,10
Marko;7,7,6,8,7,8,7,8,3,8
V-P;8,10,10,7,6,7,6,0,8,7
Ville;9,5,7,5,10,6,4,9,6,7
Hannu;10,8,3,0,8,7,8,7,4,9
Heikki;1,4,5,5,8,10,7,2,5,7
