Tauno;10,9,10,10,5,8,10,10,10,10,10,8,10,9,8,9,10,10,7,9
Arvo;10,10,10,10,9,7,9,10,8,10,8,7,9,8,10,9,9,9,6,8
Pauli;10,7,10,10,10,9,10,10,10,10,9,6,7,9,7,9,6,10,7,8
Heikki;9,5,10,7,9,7,10,10,9,9,8,10,7,8,10,9,10,10,8,8
Jouko;7,10,10,10,8,6,8,6,9,10,6,10,10,6,10,9,10,8,9,10
Matti;5,9,9,10,10,10,10,6,9,5,10,7,8,8,8,9,9,10,8,10
Martti;10,7,9,9,9,9,9,10,10,8,10,10,0,8,8,8,10,7,10,9
Terho;10,7,10,10,10,10,6,8,3,9,7,6,8,10,10,9,7,9,9,5
Hannu;7,8,10,10,10,7,9,9,9,9,9,7,9,0,8,8,7,10,6,10
Ensio;8,8,9,8,10,9,9,8,9,7,7,8,9,5,7,5,8,9,8,9
Juhani;4,6,9,9,8,10,10,8,10,9,5,5,7,5,5,9,8,9,8,5
Veikko;3,10,6,10,10,10,9,7,9,8
Seppo;10,10,10,3,9,10,8,7,8,7
Mauri;4,10,7,10,7,10,7,10,9,8
Keijo;9,10,9,9,7,8,4,10,10,5
Arto;8,4,8,8,8,8,8,9,10,10
Ilmari;8,10,7,6,8,9,8,9,4,10
Markku;5,9,8,8,10,8,7,10,8,6
Esko;10,10,8,8,8,7,8,7,6,7
Markku;7,8,9,8,6,8,10,6,8,9
Seppo;9,9,9,9,8,7,0,8,10,10
Pertti;10,7,6,5,7,10,10,4,10,9
Hannu;3,8,9,10,8,7,10,5,10,8
Timo;9,10,10,0,9,10,9,7,6,8
Timo;10,5,2,9,6,8,10,9,8,10
Ari;9,9,7,6,7,7,10,3,10,9
Antero;8,9,3,10,5,9,10,8,7,8
Pentti;7,6,5,7,8,10,7,8,9,10
Onni;9,6,10,9,9,6,8,8,7,5
Ahti;6,8,10,8,8,7,9,10,10,0
Ilkka;10,8,9,10,9,9,6,8,7,0
Reijo;9,3,9,7,7,2,8,10,10,10
Pekka;6,10,5,7,8,7,9,10,2,10
Hannu;9,4,8,6,5,6,10,10,10,6
Martti;2,10,7,9,7,10,9,7,5,8
Hannu;7,7,10,4,6,10,10,3,10,6
Jouko;8,6,10,9,9,0,7,10,10,4
Hannu;2,8,8,6,9,6,7,8,10,8
Hannu;10,9,10,0,8,8,1,10,9,7
Pauli;8,6,9,10,9,4,7,6,4,8
Heikki;9,6,1,6,4,8,9,9,8,10
Antti;10,7,4,3,8,9,10,5,10,3
Bror;10,10,8,2,4,7,5,6,8,9
Matti;5,9,4,8,10,2,9,7,6,9
Antero;0,9,10,7,10,7,10,8,0,8
Heimo;6,6,9,1,7,10,6,9,4,9
Sakari;0,6,10,3,10,9,6,7,4,8
Hannu;7,3,9,5,7,4,8,3,9,7
Sakari;5,10,6,6,4,1,7,7,8,4
Tapio;2,9,8,2,7,9,10,4,7,0
Raimo;0,10,0,4,7,6,6,8,8,0
