Tiia;6,9,9,10,10,9,8,9,7,8,10,10,8,10,10,9,6,8,8,7,9,10
Anna-Kaisa;8,10,10,9,9,6,7,9,9,6,10,7,4,10,10,9,10,9,10,9,10,8
Anu;10,9,10,8,6,10,8,9,8,10,9,10,10,9,8,5,10,6,7,7
Minna;7,8,10,10,10,9,10,10,9,9,8,9,8,8,4,10,8,6,5,8
Maiju;10,9,6,9,8,6,8,8,6,10,7,6,5,9,10,8,7,7,7,10
Jasmin;10,5,7,10,7,6,4,10,9,5,9,7,4,4,9,8,10,10,10,10
Marianna;9,8,9,8,8,7,6,9,9,10,7,6,10,8,0,9,7,8,8,8
Tatjana;5,10,10,7,5,10,6,8,9,5,10,0,9,9,8,6,8,8,10,9
Titta;8,7,8,3,10,9,5,6,4,6,10,6,10,7,9,6,3,10,9,8
Silja;10,1,9,8,9,8,9,8,9,10
Leena;0,9,9,9,0,7,7,8,7,8
Jaana;6,7,0,6,2,10,9,7,5,9
Asta;0,8,4,10,8,5,4,8,8,6
Kaisa;6,8,0,4,6,9,8,0,7,8
