Sirkka;9,10,8,9,9,8,8,10,3,10,8,9,10,10,8,10,9,6,9,7
Tiina;6,8,8,4,6,10,9,10,10,9,10,9,8,9,10,8,9,5,7,10,6,10
Anja;9,10,9,8,10,5,9,6,9,8,8,0,9,10,10,9,10,7,10,9,7,8
Eila;8,8,8,9,10,10,10,4,9,4,7,9,8,5,10,7,5,8,10,7
Arja;4,8,8,8,4,2,6,10,9,6,10,3,10,5,7,9,10,6,3,10
Helena;0,6,3,10,5,8,4,8,7,10,8,3,10,7,3,8,10,0,7,5
Anneli;3,9,5,9,7,0,3,7,10,8,8,0,0,5,10,6,7,10,10,5
Sirkka;6,7,0,6,8,10,9,0,5,4,7,6,9,8,4,7,2,10,7,6
Kaija;0,6,4,9,6,8,7,7,9,7,4,8,8,5,6,3,10,1,0,8
Marjatta;0,8,3,3,10,7,3,9,10,7,8,0,4,2,7,5,5,3,1,8
