Heikki;10,11,11,10,10,11,10,10,10,10,11,10,10,11,11,9,11,8,11,10
Roni;10,10,11,10,10,11,11,8,11,11,10,10,9,9,9,11,10,11,10,9,11,11
Timo;11,10,10,8,9,10,9,10,10,8,10,10,11,11,11,10,10,11,11,11,11,10
Arto;11,9,9,11,10,9,10,11,9,8,10,10,10,10,11,9,10,10,10,11
Heikki;10,8,11,9,9,9,9,11,10,11,10,8,10,11,10,10,10,9,10,11
Pauli;11,10,11,10,11,10,11,11,9,8,11,10,10,10,8,8,11,8,10,10
Krister;8,9,8,9,9,10,11,11,8,11,10,9,10,11,10,10,10,10,10,11
Jesse;11,10,8,10,10,10,10,9,10,5,11,11,11,9,9,9,11,10,11,11
Aleksi;10,10,10,10,10,10,10,10,7,10,9,7,8,11,10,9,11,9,9,9
Olli;10,8,7,8,9,10,10,10,9,11,11,7,11,10,10,8,10,11,11,10
Patrik;10,9,10,10,8,10,9,10,10,7,11,7,11,10,9,11,10,10,10,7
Ari;11,9,10,10,7,7,9,10,9,11,10,10,10,8,11,8,9,9,10,10
Aki;9,11,7,11,11,9,11,9,7,9,8,10,11,11,7,10,9,10,9,11
Niko;10,10,9,9,8,10,8,10,8,9,11,9,9,10,11,11,8,9,8,7
Sami;9,10,10,9,10,10,11,9,10,10,8,7,10,7,7,11,8,11,8,8
Juuso;11,7,6,8,11,10,9,10,11,10,9,10,11,8,11,10,10,6,6,7
Jari;10,9,8,5,11,11,10,9,9,9
Jukka;8,9,7,11,8,10,10,8,11,9
Marko;9,11,6,6,10,11,9,8,10,10
Touko;11,10,8,9,10,10,9,8,5,9
Juho;8,9,5,11,9,11,9,8,10,9
Ari;10,7,7,11,8,11,8,7,10,10
Heikki;8,9,8,7,10,8,9,11,11,8
Juha;8,8,8,8,10,9,11,9,11,7
Ville;10,10,7,9,8,9,7,8,9,10
Timo;8,10,7,8,10,9,9,7,9,9
Tomi;11,10,10,5,11,10,8,5,8,10
Ari;5,8,9,11,8,10,9,11,8,8
Sami;11,10,9,5,11,10,6,10,5,11
Juha;10,8,10,9,7,8,9,11,7,7
Hannu-Pekka;11,9,10,10,9,9,6,9,4,9
Tenho;10,11,6,7,7,11,10,9,11,5
Markus;10,4,11,6,10,8,9,11,9,8
Kari;8,9,9,8,9,10,9,5,9,8
Timo;11,10,7,8,10,6,11,11,10,3
Niko;11,8,8,3,7,8,10,9,10,11
Mika;7,7,9,8,11,8,11,8,8,8
Teemu;7,7,9,9,7,6,11,10,7,10
Juha;10,3,8,8,11,11,8,10,9,4
Sami;6,9,10,9,7,0,10,11,9,11
Markus;8,8,5,6,3,9,11,11,10,9
Janne;8,6,10,10,6,11,10,8,3,7
Hannu;5,9,10,8,7,8,8,4,9,7
Juho;7,7,10,6,9,8,4,7,5,11
Teuvo;0,6,11,8,8,5,11,10,9,7
Veikka;11,9,0,6,8,7,7,7,10,9
Antti;7,8,4,5,6,8,8,9,9,8
Mika;6,4,10,5,8,8,7,9,8,6
Jukka;5,8,8,9,4,8,4,4,11,10
Juho;10,9,7,3,7,3,7,8,8,8
Arttu;9,5,4,6,11,11,0,9,9,7
Pekka;10,4,7,10,8,7,0,8,7,8
Jukka;9,4,0,8,8,9,8,3,9,10
