Pekka;10,9,11,10,9,11,9,11,10,7,9,10,10,11,7,11,8,11,11,11
Markku;9,9,10,8,10,10,9,10,10,9,10,10,11,10,9,8,8,8,11,10
Kari;10,11,11,10,11,11,7,10,10,8,8,11,11,7,8,10,10,11,8,11
Jukka-Pekka;10,9,10,10,8,11,8,9,8,10,9,8,11,10,10,10,10,10,11,5
Pasi;8,11,9,10,10,10,7,9,11,10,10,8,10,8,6,11,10,10,10,9
Jukka;9,7,9,10,9,10,9,9,11,10,9,8,10,11,9,10,9,10,8,8
Mikko;9,10,8,9,9,9,11,10,10,10,10,11,10,7,9,11,8,11,10,4
Osmo;9,9,11,8,10,10,9,9,10,10,11,10,10,9,8,9,8,8,10,5
Juha-Pekka;9,9,9,10,10,7,10,10,10,9,9,11,10,8,9,9,6,9,7,10
Ari;7,8,10,11,10,9,11,11,11,8,9,10,9,10,6,8,6,8,11,9
Ilkka;10,10,11,8,10,8,9,11,5,11
Heikki;9,7,7,8,9,10,8,10,10,10
Jukka;9,10,9,8,11,10,9,9,10,4
Antti;9,7,8,10,7,8,8,10,9,10
Matti;11,11,9,11,5,8,6,11,8,10
Jouko;9,9,11,8,7,9,10,9,6,8
Juha;10,8,7,7,7,11,9,11,8,8
Timo;8,9,7,6,10,7,8,11,10,9
Raimo;10,10,10,10,8,9,9,4,3,10
Esa;8,10,10,10,10,0,10,11,8,7
Hannu;11,8,11,7,3,11,9,8,8,9
Juha;7,9,9,9,4,10,9,10,6,9
Mauri;8,6,6,9,9,9,6,11,9,10
Vesa;9,7,3,9,11,6,10,8,10,9
Tuomo;4,8,10,9,8,7,7,9,10,9
Jussi;8,11,9,10,5,11,6,7,9,7
Marko;9,11,11,7,9,8,10,4,6,8
Jouni;5,6,10,7,7,8,9,9,9,8
Tero;10,10,10,10,8,10,5,0,7,8
Antti;8,3,7,7,11,10,9,9,7,7
Juha;10,10,9,8,6,11,10,4,10,0
Hannu;9,8,11,7,11,6,8,7,5,6
Esa;10,9,0,8,7,7,10,10,7,8
Jarkko;9,7,8,10,7,7,3,6,11,8
Matti;4,0,10,10,8,8,6,7,6,8
Harri;10,8,0,10,7,6,7,6,8,5
Arto;7,6,7,9,7,7,4,10,0,11
Jari;11,8,4,5,7,8,10,3,4,6
Rauno;10,3,3,6,8,8,5,8,4,9
Juha;10,4,10,3,0,10,7,0,9,9
Vesa;3,0,0,4,7,7,7,9,6,6
Matti;0,0,0,0,0,0,0,0,0,0
