Reino;9,10,10,7,9,7,11,10,10,9,9,9,11,10,10,10,11,10,10,9
Pertti;11,9,9,9,10,11,10,9,10,7,11,10,9,10,11,11,8,6,10,10
Arvo;10,10,8,11,11,9,8,11,8,11,8,10,9,6,10,9,10,8,10,10
Rauno;10,5,10,10,9,8,11,9,10,9,8,10,11,9,10,4,9,11,10,9
Tapani;11,6,11,8,10,9,9,10,8,9,10,3,10,11,9,11,8,11,8,9
Markku;10,9,10,9,7,10,4,11,10,8,10,10,4,10,9,7,10,9,10,9
Asko;7,8,10,10,11,8,10,10,10,8,10,9,9,8,3,10,11,8,9,8
Matti;10,10,10,8,10,9,7,10,9,9,9,8,10,11,5,6,6,10,9,11
Veijo;10,11,9,11,7,11,8,9,9,11,7,6,11,9,8,10,8,9,10,4
Seppo;9,10,7,8,9,10,7,8,9,11,9,9,5,10,9,11,7,9,11,7
Risto;9,8,8,10,10,9,7,8,10,8,11,10,8,11,7,0,6,9,9,8
Markku;10,8,11,10,8,10,6,7,10,10,11,0,3,7,7,9,5,8,6,5
Heikki;5,10,8,8,10,10,8,7,11,11
Pentti;8,9,6,10,9,11,9,10,6,9
Reijo;10,7,7,6,10,6,10,11,10,9
Veikko;10,11,8,6,10,7,5,10,10,9
Ari;4,8,11,8,11,10,9,11,9,6
Kalle;9,5,10,10,8,10,8,10,9,5
Jorma;9,10,11,10,8,7,8,8,5,9
Eero;3,8,10,8,10,11,9,9,8,7
Ahti;8,11,10,8,10,9,6,5,8,8
Tapani;6,9,9,7,11,10,6,7,7,11
Hannu;7,8,9,7,10,10,7,10,8,5
Timo;8,10,5,6,9,7,6,10,9,10
Reijo;5,9,9,7,11,11,8,7,8,7
Ilkka;8,9,11,8,6,4,7,8,10,11
Mika;8,11,6,11,8,8,10,6,10,4
Ralf;3,11,10,3,8,11,9,8,8,10
Lauri;8,9,5,11,6,11,8,7,6,10
Hannu;10,11,8,8,9,8,9,6,4,7
Timo;7,6,7,7,11,7,7,6,10,10
Mauri;8,8,5,6,5,11,11,4,10,10
Eero;6,6,6,10,9,11,0,10,10,9
Timo;6,10,6,10,5,9,8,9,8,4
Matti;5,5,3,9,9,9,10,7,8,9
Heimo;4,7,11,9,6,11,9,7,3,8
Jarmo;11,10,7,6,4,6,8,11,7,5
Erkki;4,9,8,7,10,6,3,9,10,6
Tapani;6,6,6,11,10,11,4,7,7,5
Seppo;7,0,10,6,7,9,4,8,8,8
Juhani;8,5,5,10,3,0,10,7,8,7
Hannu;6,9,9,0,8,0,7,0,6,11
Matti;5,4,5,0,8,0,0,6,8,8
