Heikki;6,10,11,10,7,11,9,9,9,9,7,7,8,9,10,10,10,11,9,8
Jouko;10,11,10,8,10,10,9,11,10,9,10,7,8,8,7,9,7,9,5,11
Ahti;9,10,9,11,11,8,9,9,8,10,7,5,9,8,6,8,10,11,8,7
Keijo;6,8,8,11,11,10,6,10,11,6,8,10,8,4,9,8,11,10,10,8
Hannu;9,10,9,6,10,11,11,9,6,9,10,8,9,9,8,10,9,0,9,9
Ensio;7,11,8,10,10,10,11,4,7,10,3,8,11,7,7,10,9,9,11,9
Heikki;10,3,10,11,5,5,11,10,8,10,10,10,10,10,10,9,6,7,8,6
Veikko;9,11,8,9,10,10,8,0,11,8,10,9,11,10,8,10,8,6,5,7
Martti;10,6,10,10,10,9,4,9,8,10,9,7,7,8,4,9,10,6,10,8
Ossi;5,10,9,8,10,10,10,6,9,9,8,0,4,10,11,8,4,10,10,8
Rolf;11,4,8,9,8,8,8,9,5,11
Pertti;10,7,7,11,8,10,4,8,9,6
Seppo;7,11,3,4,11,9,10,10,6,9
Vesa;9,6,10,10,10,8,5,8,7,5
Hannu;8,11,9,8,10,9,3,7,6,7
Hannu;11,8,5,11,11,9,9,0,7,8
Heimo;6,10,7,8,6,9,4,8,9,8
Martti;8,9,11,6,6,6,11,7,5,5
Ilmari;10,5,10,5,6,5,6,5,10,9
Matti;9,8,8,4,5,9,8,5,8,6
Otto;11,6,3,6,7,6,7,9,5,10
Matti;7,8,7,8,6,6,3,8,8,6
Sakari;9,0,9,7,10,5,7,10,0,9
Sakari;5,8,0,7,9,11,9,6,3,8
Antero;5,6,0,5,7,9,6,8,9,9
Raimo;11,4,4,7,7,8,8,0,7,7
Pertti;9,6,9,5,10,7,0,8,0,8
Paavo;5,6,0,3,8,8,5,7,5,10
Toivo;5,3,8,10,9,0,4,11,4,3
