Saana;9,10,10,11,9,8,11,11,11,9,10,11,10,10,9,8,10,11,9,10
Johanna;9,7,7,8,10,10,9,10,11,10,8,10,10,9,10,10,10,9,8,10
Krista;10,10,10,9,10,11,7,10,9,9,10,7,8,8,6,10,11,11,8,10
Silja;10,9,9,11,10,10,11,9,9,6,7,10,7,7,10,10,9,9,9,10
Päivi;10,8,8,10,10,9,8,8,7,8,10,11,8,9,9,10,9,9,9,10
Oona;8,9,8,10,10,9,10,11,7,11,11,8,9,10,10,11,8,5,8,11
Minna;8,10,9,11,10,4,11,7,9,9,6,8,10,10,10,10,8,9,10,10
Tiina;10,9,9,8,5,9,9,10,8,11,10,7,7,11,9,8,8,10,8,10
Katri;9,10,11,11,7,8,10,10,7,11,8,9,8,10,9,7,10,4,8,10
Outi;11,8,8,11,8,8,9,10,6,8,10,8,8,10,8,10,9,8,8,9
Maikki;9,6,11,8,10,10,10,8,5,8
Jaana;9,10,11,8,7,8,5,10,8,9
Marika;11,9,5,3,7,11,9,11,11,10
Mira;8,11,9,4,7,11,10,8,10,7
Tiina;8,8,9,8,8,9,9,7,9,7
Katariina;10,9,3,7,5,7,10,7,11,11
Asta;6,3,6,8,10,10,8,10,5,7
Helena;3,9,4,5,10,8,8,9,7,8
Kaisa;8,8,5,8,0,9,8,8,5,9
