Moona;11,10,11,10,11,11,11,11,11,11,11,11,11,10,11,10,11,11,10,11,11
Siina;11,10,11,10,11,11,11,11,11,11,11,11,11,11,11,11,11,10,11,11,10
Milla;11,10,11,10,10,10,10,11,11,11,11,11,11,11,11,11,9,11,11,10,11
Anna;11,10,10,11,11,11,11,10,11,11,11,10,11,10,11,9,11,10,10,10,10
Eerika;11,10,11,10,10,8,11,11,11,11,10,11,11,11,10,11,11,11,11,11
Niko;11,10,10,10,10,8,11,10,11,10,10,11,10,10,11,9,10,11,10,10
Jessica;11,10,10,10,10,9,11,9,10,9,10,10,9,9,10,10,10,11,9,8
Roni;9,10,9,11,10,11,10,11,10,10,11,8,11,11,11,9,11,7,9,11
Aliisa;9,10,10,11,11,11,8,11,10,11,10,10,9,5,11,9,9,9,9,11
Mikael;10,10,10,11,10,9,11,9,10,8,7,9,8,9,10,11,10,7,9,10
Sakari;10,10,10,8,11,8,9,10,10,11
Miro;11,8,9,9,10,11,10,9,10,9
Niilo;10,8,10,10,9,10,8,9,10,11
Vili;10,10,10,10,9,9,10,7,9,10
Kaapo;10,8,11,10,7,10,7,10,11,11
Jesper;8,6,11,9,9,7,9,9,10,9
Tuukka;10,11,9,10,9,3,9,6,7,11
Hilla-Inkeri;10,6,6,9,7,9,9,9,6,11
Antti;6,7,7,11,8,9,7,11,7,8
Ate;9,9,8,7,10,7,7,6,4,9
