Aleksi;11,9,8,9,10,9,8,6,10,9,11,10,8,9,7,10,11,11,8,11
Niko;8,10,11,5,11,10,10,11,9,11,9,11,7,10,7,9,9,9,9,8
Toni;9,11,9,11,11,10,10,3,9,10,9,10,10,10,7,10,7,7,8,9
Jenny;11,5,8,10,8,8,6,10,9,8,7,9,9,8,9,10,10,7,10,10
Neea;6,9,9,8,10,9,7,6,10,11,6,8,9,9,10,9,8,9,11,9
Veeti;9,11,10,8,11,8,10,7,9,7,10,7,9,10,10,10,9,4,7,7
Veera;9,9,0,10,10,7,9,11,9,7,8,9,10,6,11,10,10,10,9,9
Tomi;9,8,9,10,10,8,7,11,6,5,9,10,7,10,10,8,10,8,8,6
Lauri;11,8,8,8,11,8,9,7,10,7,8,10,7,6,8,9,9,7,11,6
Jere;7,9,10,9,6,10,11,8,5,10,9,5,8,4,6,10,10,11,8,10
Juuso;9,8,8,10,7,7,6,7,3,5
Oona;5,0,10,8,9,9,8,0,6,0
