Ida;10,11,11,10,10,10,10,11,9,9,11,11,9,10,8,10,10,11,9,10
Julia;11,9,11,11,10,10,10,10,11,11,8,9,11,9,11,10,9,9,11,7,11
Aaro;10,10,11,10,9,6,11,10,8,9,10,9,10,9,10,11,10,10,11,10,10,9,10
Rasmus;10,10,8,10,10,9,11,10,9,10,9,10,11,8,11,8,10,10,10,9,10,9,9
Ville;11,10,10,10,6,10,10,10,9,10,9,11,10,10,8,10,10,8,11,9
Aapo;10,11,8,8,8,11,10,10,10,9,8,9,11,7,8,10,10,10,8,8
Kalle;9,8,9,8,9,8,7,10,7,10,9,8,10,11,9,9,9,9,7,8
Mikko;10,8,9,11,6,9,5,10,9,10,7,9,10,10,9,9,8,9,8,8
Mika;10,9,6,7,10,10,10,7,9,3,5,9,9,9,8,9,8,8,10,9
Heta;11,9,8,5,10,11,9,9,7,6,3,8,10,11,7,8,9,9,11,8
Inka;8,11,10,7,5,8,9,8,10,6,5,8,10,10,9,6,9,9,9,6
Eetu;9,9,11,8,10,8,9,6,3,8
Pinja;10,10,7,7,3,11,8,10,4,7
Tiia;6,3,9,6,8,9,6,9,9,9
Joel;7,6,8,6,9,5,10,7,9,7
Roope;6,0,0,6,8,10,0,4,5,11
